
function model=CreateModel(xs,ys,xt,yt)
%case 3 
% xs=[30 25 30 30 25 25];
% ys=[-5 0 0 -2.5 -2.5 -5];
% xt=[-15 -15 -15 -12.5 -12.5 -12.5];
% yt=[25 27.5 30 25 27.5 30 ];   


% xs=[-10 30 30 -15 30 -15];
% ys=[-10 20 5 25 -10 5];
% xt=[10 15 15 5 10 5];
% yt=[5 10 5 10 10 20 ]; 

%case 1
% xobs=[ -10 -10 -10 -10 -10 25 25 25 25 25 25 25 25 25 25 25 -20 -16 -12 -8 -4 0 4 -10 -10 -10 -10 -10 ];
% yobs=[-14 -18 -22 -26 -30 20 16 12 8 4 0 -4 -8 -12 -16 -20 0 0 0 0 0 0 0 30 26 22 18 14];
% robs=[3 3 3 3 3 3 3 3 3 3 3 3 3 3 3 3 3 3 3 3 3 3 3 3 3 3 3 3 ] ;


% case 3 
% xobs=[ -10 -10 -10 -10 -10 -10 -10 -10 -10 -10 -10 -10 20 20 20 20 20 20 20 20 20 20 20 20 -12 -14 -16 -18 -12 -14 -16 -18  22  24 26 28 22 24 26 28 5];
% yobs=[  20 18 16 14 12 10 -20 -18 -16 -14 -12 -10  20 18 16 14 12 10 -20 -18 -16 -14 -12 -10 10 10 10 10 -10 -10 -10 -10  10 10 10 10 -10 -10 -10 -10 0] ;
% robs=[ 1.7 1.7 1.7  1.7 1.7 1.7 1.7 1.7 1.7 1.7 1.7  1.7 1.7 1.7 1.7 1.7 1.7 1.7 1.7 1.7 1.7  1.7 1.7 1.7 1.7 1.7 1.7  1.7 1.7 1.7 1.7 1.7 1.7  1.7 1.7 1.7 1.7 1.7 1.7  1.7 8] ;

%best 5
% xobs=[ -10 -10 -10 -10 -10 -10 -10 -10 -10 -10 -10 -10 20 20 20 20 20 20 20 20 20 20 20 20 -12 -14 -16 -18 -12 -14 -16 -18  22  24 26 28 22 24 26 28 5 5 5 5 5 5 5 5  ];
% yobs=[  20 18 16 14 12 10 -20 -18 -16 -14 -12 -10  20 18 16 14 12 10 -20 -18 -16 -14 -12 -10 10 10 10 10 -10 -10 -10 -10  10 10 10 10 -10 -10 -10 -10 2 -2 4 -4 6 -6 8 -8 ] ;
% robs=[ 1.7 1.7 1.7  1.7 1.7 1.7 1.7 1.7 1.7 1.7 1.7  1.7 1.7 1.7 1.7 1.7 1.7 1.7 1.7 1.7 1.7  1.7 1.7 1.7 1.7 1.7 1.7  1.7 1.7 1.7 1.7 1.7 1.7 1.7 1.7 1.7 1.7 1.7  1.7 1.7 1.7 1.7 1.7  1.7 1.7 1.7  1.7 1.7] ;

% case 1 obstacle
%     xs=[-15 -15 -10 -10 -12.5 -12.5 -12.5];
%     ys=[-5 -10 -5 -10 -7.5 -5 -10];
%     xt=[30 30 30 20 35 40 35 ];
%     yt=[25 20 30 35 30 30 35 ];
 
% xobs=[0 20 -4 -20 0 -10 20 -30 -15 -25 15 0];
%  yobs=[0 5 25 -10 -15 -10 -20 20 25 5 20 -28];
%  robs=[7 5 5 6 5 2 5 3 3 2 1.5 4 2];
  %best  3
 % xobs=[ -11.5 -10 -7.5 -5 -2.5 0 2.5 5 7.5 10 11.5 -27 -22 22 27 -27 -22 22 27 0 0 -25  25];
 % yobs=[ 0 0 0 0 0 0 0 0 0 0 0 -15 -15 -15 -15 15 15 15 15 10 -10 0 0];
 % robs=[2 2 2 2 2 2 2 2 2 2 2 3 3 3 3 3 3 3 3 4 4 5 5];


  xobs=[ -11.5 -10 -7.5 -5 -2.5 0 2.5 5 7.5 10 11.5 -27 -22 22 27 -27 -22 22 27 0 0 -25  25 15 -15 0 20 15];
 yobs=[ 0 10 -10 3 7 -7 8 15 -14 13 0 -10 -12 -15 -9 15 10 7 15 18 -15 0 0 10 -15 0 20 -10];
 robs=[2 2 2 2 2 2 2 2 2 2 2 2 2 2 2 2 2 2 2 2 2 2 2 2 4 2 3 3 3];
% best4
% xobs=[-20 -20 0 20 -10 15 25 8];
% yobs=[-20 0 -3 -10 15 18 5 -20];
% robs=[6 6 6 6 6 6 6 6];

% case 6
% xobs=[0 10 15 -5];
% yobs=[22 0 15 5];
% robs=[6 6 4 6];

%case 4
%   xobs=[20 -4 20 5];
%   yobs=[5 25 20 15];
%   robs=[3 3 6 7]


n=3;
    
    xmin=-40;
    xmax= 40;
    
    ymin=-30;
    ymax= 30;
    
    model.xs=xs;
    model.ys=ys;
    model.xt=xt;
    model.yt=yt;
    model.xobs=xobs;
    model.yobs=yobs;
    model.robs=robs;
    model.n=n;
    model.xmin=xmin;
    model.xmax=xmax;
    model.ymin=ymin;
    model.ymax=ymax;
    
end